aware_acc:0.7345309381237525
aware_rho:0.5688594008211963
agnostic_acc:0.7014028056112225
agnostic_rho:0.5404914623839379
