aware_acc:0.7065868263473054
aware_rho:0.46095769289667354
agnostic_acc:0.6492985971943888
agnostic_rho:0.3801408906585249
