aware_acc:0.7425149700598802
aware_rho:0.5285023680615949
agnostic_acc:0.7114228456913828
agnostic_rho:0.48875562222582775
