aware_acc:0.720558882235529
aware_rho:0.5350337387757329
agnostic_acc:0.7154308617234469
agnostic_rho:0.575568320839005
