aware_acc:0.7744510978043913
aware_rho:0.6220713900522024
agnostic_acc:0.7334669338677354
agnostic_rho:0.5821873173129561
