aware_acc:0.7524950099800399
aware_rho:0.6369344922093412
agnostic_acc:0.7434869739478958
agnostic_rho:0.6501357915528531
