aware_acc:0.7584830339321357
aware_rho:0.6322759807791754
agnostic_acc:0.7374749498997996
agnostic_rho:0.6575361957709621
