aware_acc:0.7684630738522954
aware_rho:0.6432633693667544
agnostic_acc:0.8256513026052105
agnostic_rho:0.7175163512848477
