aware_acc:0.7125748502994012
aware_rho:0.5246078972695487
agnostic_acc:0.6713426853707415
agnostic_rho:0.49368790263152557
