aware_acc:0.7704590818363274
aware_rho:0.5981992922040891
agnostic_acc:0.7635270541082164
agnostic_rho:0.6356665549449015
