aware_acc:0.7365269461077845
aware_rho:0.6207533656360078
agnostic_acc:0.7595190380761523
agnostic_rho:0.6305176260008624
