aware_acc:0.7604790419161677
aware_rho:0.5905057437267518
agnostic_acc:0.7274549098196392
agnostic_rho:0.6131572012223635
