aware_acc:0.7465069860279441
aware_rho:0.6156514681302128
agnostic_acc:0.7394789579158316
agnostic_rho:0.5853543871811555
