aware_acc:0.7784431137724551
aware_rho:0.6636521486689299
agnostic_acc:0.8156312625250501
agnostic_rho:0.7213907038270871
