aware_acc:0.7644710578842315
aware_rho:0.6332531448935242
agnostic_acc:0.8176352705410822
agnostic_rho:0.7126962783635244
