aware_acc:0.7345309381237525
aware_rho:0.5731753601248604
agnostic_acc:0.717434869739479
agnostic_rho:0.5919806493546493
