aware_acc:0.7085828343313373
aware_rho:0.5347368233817231
agnostic_acc:0.717434869739479
agnostic_rho:0.5417157665087656
