aware_acc:0.7445109780439122
aware_rho:0.6365288796447136
agnostic_acc:0.7394789579158316
agnostic_rho:0.6428198815012031
