aware_acc:0.7584830339321357
aware_rho:0.5830156500777282
agnostic_acc:0.749498997995992
agnostic_rho:0.5924699490526496
