aware_acc:0.7624750499001997
aware_rho:0.6233410529139737
agnostic_acc:0.8176352705410822
agnostic_rho:0.7036874646800434
