aware_acc:0.7524950099800399
aware_rho:0.643322720862751
agnostic_acc:0.751503006012024
agnostic_rho:0.6113479529818865
