aware_acc:0.7345309381237525
aware_rho:0.5445487733295201
agnostic_acc:0.7214428857715431
agnostic_rho:0.5765133559804279
