aware_acc:0.7624750499001997
aware_rho:0.5857520364037692
agnostic_acc:0.7595190380761523
agnostic_rho:0.6445772739027803
