aware_acc:0.780439121756487
aware_rho:0.6264772193859265
agnostic_acc:0.7535070140280561
agnostic_rho:0.6322279098795962
