aware_acc:0.7684630738522954
aware_rho:0.6123705983176791
agnostic_acc:0.8156312625250501
agnostic_rho:0.7098759424538839
