aware_acc:0.7644710578842315
aware_rho:0.581092051158355
agnostic_acc:0.7154308617234469
agnostic_rho:0.5589498013787633
