aware_acc:0.718562874251497
aware_rho:0.5083408451265008
agnostic_acc:0.7454909819639278
agnostic_rho:0.5849219168460493
