aware_acc:0.7504990019960079
aware_rho:0.6313777752973229
agnostic_acc:0.7314629258517034
agnostic_rho:0.6507547090233912
