aware_acc:0.7365269461077845
aware_rho:0.5920908656526505
agnostic_acc:0.7575150300601202
agnostic_rho:0.6121485489353512
