aware_acc:0.7085828343313373
aware_rho:0.6080133187268123
agnostic_acc:0.7214428857715431
agnostic_rho:0.6256970718611644
