aware_acc:0.7425149700598802
aware_rho:0.5699942052685426
agnostic_acc:0.7014028056112225
agnostic_rho:0.5264399767481611
