aware_acc:0.7524950099800399
aware_rho:0.6291674110524488
agnostic_acc:0.7394789579158316
agnostic_rho:0.6443361558409365
