aware_acc:0.7784431137724551
aware_rho:0.6246864799587514
agnostic_acc:0.8156312625250501
agnostic_rho:0.704864513259725
