aware_acc:0.7524950099800399
aware_rho:0.5826540083689434
agnostic_acc:0.7094188376753507
agnostic_rho:0.5198089010415555
