aware_acc:0.7864271457085829
aware_rho:0.6657392962296779
agnostic_acc:0.779559118236473
agnostic_rho:0.6717755068345743
