aware_acc:0.7564870259481038
aware_rho:0.6238945805233952
agnostic_acc:0.7474949899799599
agnostic_rho:0.6423215113039068
