aware_acc:0.7664670658682635
aware_rho:0.6517451579814207
agnostic_acc:0.8176352705410822
agnostic_rho:0.7218726545778772
