aware_acc:0.7624750499001997
aware_rho:0.6298835811557884
agnostic_acc:0.8356713426853707
agnostic_rho:0.7148036050881285
