aware_acc:0.7664670658682635
aware_rho:0.6201848860465847
agnostic_acc:0.8156312625250501
agnostic_rho:0.7101001161393174
