aware_acc:0.7604790419161677
aware_rho:0.6418263573522923
agnostic_acc:0.7535070140280561
agnostic_rho:0.6632938532885913
