aware_acc:0.7564870259481038
aware_rho:0.6500005923274089
agnostic_acc:0.8196392785571143
agnostic_rho:0.7195532501359673
