aware_acc:0.7544910179640718
aware_rho:0.5973496249372705
agnostic_acc:0.7414829659318637
agnostic_rho:0.6181079638976491
