aware_acc:0.7504990019960079
aware_rho:0.6112285947087895
agnostic_acc:0.749498997995992
agnostic_rho:0.6359997108069901
