aware_acc:0.7485029940119761
aware_rho:0.6300030482157489
agnostic_acc:0.7474949899799599
agnostic_rho:0.6223995558475428
