aware_acc:0.7345309381237525
aware_rho:0.5338830423694001
agnostic_acc:0.7294589178356713
agnostic_rho:0.5520661729321692
