aware_acc:0.7744510978043913
aware_rho:0.6143011493794363
agnostic_acc:0.7595190380761523
agnostic_rho:0.6514278672827307
