aware_acc:0.7365269461077845
aware_rho:0.5701153381460572
agnostic_acc:0.7535070140280561
agnostic_rho:0.6173182393921429
