aware_acc:0.7365269461077845
aware_rho:0.5760877356613001
agnostic_acc:0.7454909819639278
agnostic_rho:0.6419051295667343
