aware_acc:0.782435129740519
aware_rho:0.6278945606203098
agnostic_acc:0.8216432865731463
agnostic_rho:0.7224805354454032
