aware_acc:0.7784431137724551
aware_rho:0.6350700480015731
agnostic_acc:0.7635270541082164
agnostic_rho:0.6571473392728526
