aware_acc:0.7485029940119761
aware_rho:0.5977733125840349
agnostic_acc:0.7434869739478958
agnostic_rho:0.60629504502042
