aware_acc:0.7644710578842315
aware_rho:0.6055914212789693
agnostic_acc:0.7735470941883767
agnostic_rho:0.6522486334891857
