aware_acc:0.7724550898203593
aware_rho:0.6347738844094573
agnostic_acc:0.8136272545090181
agnostic_rho:0.6966336513428443
