aware_acc:0.7664670658682635
aware_rho:0.5948958288603766
agnostic_acc:0.7374749498997996
agnostic_rho:0.6056039516543391
