aware_acc:0.7664670658682635
aware_rho:0.6246098226895171
agnostic_acc:0.8236472945891784
agnostic_rho:0.702124700955039
