aware_acc:0.7644710578842315
aware_rho:0.602794045085221
agnostic_acc:0.7314629258517034
agnostic_rho:0.5915971343374942
