aware_acc:0.7225548902195609
aware_rho:0.5166805442848528
agnostic_acc:0.7354709418837675
agnostic_rho:0.600531010093153
