aware_acc:0.720558882235529
aware_rho:0.5091259730565301
agnostic_acc:0.6653306613226453
agnostic_rho:0.49059113668529764
