aware_acc:0.7584830339321357
aware_rho:0.6429774177227564
agnostic_acc:0.7454909819639278
agnostic_rho:0.6616788730690305
