agnostic_acc:0.8176352705410822
agnostic_rho:0.7126962783635244
