agnostic_acc:0.8136272545090181
agnostic_rho:0.6966336513428443
