aware_acc:0.7125748502994012
aware_rho:0.5417773426326843
agnostic_acc:0.7254509018036072
agnostic_rho:0.549039533895501
