aware_acc:0.7684630738522954
aware_rho:0.6054366931621086
agnostic_acc:0.8076152304609219
agnostic_rho:0.6739981667877566
