aware_acc:0.7624750499001997
aware_rho:0.5559414546829756
agnostic_acc:0.8016032064128257
agnostic_rho:0.6795212892380292
